time,amp,sigma,band
8.4033,2.5959,0.0054,b4
8.4086,2.5952,0.0053,b4
8.4136,2.5939,0.0054,b4
8.4186,2.5963,0.0053,b4
8.4236,2.592,0.0053,b4
8.4286,2.5907,0.0056,b4
8.4339,2.5862,0.0054,b4
8.4389,2.5751,0.0055,b4
8.4439,2.5813,0.0056,b4
8.4489,2.5784,0.0054,b4
8.4539,2.5737,0.0054,b4
8.4589,2.5695,0.0054,b4
8.4642,2.5664,0.0057,b4
8.4692,2.5649,0.0054,b4
8.4742,2.5592,0.0054,b4
8.4792,2.5585,0.0054,b4
8.4842,2.5527,0.0055,b4
8.4894,2.5533,0.0055,b4
8.4944,2.5567,0.0054,b4
8.4989,2.5499,0.0058,b4
8.5044,2.5548,0.0056,b4
8.5094,2.5523,0.0057,b4
8.5136,2.5522,0.0055,b4
8.5197,2.5495,0.0056,b4
8.5242,2.5528,0.0056,b4
8.5297,2.5513,0.0056,b4
8.5342,2.5518,0.0063,b4
8.5867,2.5768,0.0057,b4
8.5919,2.5843,0.0061,b4
8.5969,2.5891,0.0058,b4
8.6019,2.5939,0.0059,b4
8.6069,2.5958,0.0058,b4
8.6119,2.5986,0.0058,b4
8.6172,2.605,0.006,b4
8.6222,2.6107,0.0058,b4
8.6272,2.6193,0.006,b4
8.6322,2.6214,0.006,b4
8.6372,2.6314,0.0061,b4
8.6422,2.6369,0.0064,b4
8.6469,2.6418,0.0063,b4
8.6525,2.6425,0.0064,b4
8.6575,2.6505,0.0059,b4
8.6625,2.6461,0.0058,b4
8.6675,2.6511,0.0058,b4
8.6728,2.6618,0.006,b4
8.6778,2.6621,0.0056,b4
8.6828,2.6689,0.0058,b4
8.6878,2.6702,0.0058,b4
8.6928,2.6762,0.0058,b4
8.6981,2.677,0.006,b4
8.7031,2.6774,0.0059,b4
8.7081,2.6818,0.0059,b4
8.7131,2.6819,0.0059,b4
8.7181,2.6761,0.006,b4
8.9033,2.6004,0.0058,b4
8.9086,2.5995,0.0057,b4
8.9136,2.5973,0.0058,b4
8.9186,2.5946,0.0057,b4
8.9236,2.5886,0.0055,b4
8.9286,2.5856,0.0056,b4
8.9339,2.5803,0.0057,b4
8.9389,2.5783,0.0057,b4
8.9439,2.5741,0.0056,b4
8.9489,2.5691,0.0057,b4
8.9539,2.5658,0.0056,b4
8.9589,2.5614,0.0056,b4
8.9636,2.5574,0.0056,b4
8.9692,2.5519,0.0055,b4
8.9742,2.5471,0.0056,b4
8.9792,2.5464,0.0055,b4
8.9842,2.542,0.0057,b4
8.9894,2.5401,0.0057,b4
8.9944,2.5356,0.0056,b4
8.9994,2.5329,0.0055,b4
9.0044,2.5303,0.0056,b4
9.0094,2.5285,0.0056,b4
9.0147,2.5209,0.0055,b4
9.0197,2.5191,0.0054,b4
9.0247,2.5184,0.0057,b4
9.0297,2.5187,0.0057,b4
9.0347,2.5182,0.0055,b4
9.0867,2.4978,0.006,b4
9.0919,2.498,0.0059,b4
9.0969,2.493,0.0058,b4
9.1019,2.4927,0.0058,b4
9.1069,2.488,0.0057,b4
9.1119,2.4842,0.0057,b4
9.1172,2.4842,0.0057,b4
9.1222,2.484,0.0058,b4
9.1272,2.4787,0.0056,b4
9.1322,2.4777,0.0057,b4
9.1372,2.4694,0.0056,b4
9.1422,2.4714,0.0056,b4
9.1475,2.4652,0.0055,b4
9.1525,2.4646,0.0056,b4
9.1575,2.4616,0.0055,b4
9.1625,2.4553,0.0055,b4
9.1675,2.457,0.0055,b4
9.1728,2.4533,0.0057,b4
9.1778,2.4526,0.0056,b4
9.1828,2.4524,0.0055,b4
9.1878,2.4557,0.0055,b4
9.1928,2.4521,0.0056,b4
9.1981,2.4515,0.0056,b4
9.2031,2.4447,0.0055,b4
9.2081,2.4489,0.0055,b4
9.2131,2.4444,0.0054,b4
9.2181,2.4441,0.0054,b4
9.4367,2.4979,0.0053,b4
9.4419,2.4893,0.0052,b4
9.4469,2.4994,0.0052,b4
9.4519,2.5096,0.0052,b4
9.4569,2.5133,0.005,b4
9.4619,2.5117,0.0052,b4
9.4672,2.5234,0.0051,b4
9.4722,2.523,0.005,b4
9.4772,2.5297,0.0051,b4
9.4822,2.5395,0.0051,b4
9.4872,2.543,0.0052,b4
9.4922,2.5431,0.0052,b4
9.4975,2.5477,0.0053,b4
9.5025,2.5551,0.0052,b4
9.5075,2.5583,0.005,b4
9.5125,2.563,0.0051,b4
9.5175,2.5663,0.005,b4
9.5228,2.5713,0.0051,b4
9.5278,2.5742,0.005,b4
9.5328,2.5765,0.0049,b4
9.5378,2.5791,0.0054,b4
9.5422,2.5844,0.0053,b4
9.5481,2.5879,0.005,b4
9.5531,2.5971,0.005,b4
9.5575,2.599,0.005,b4
9.5631,2.6068,0.005,b4
9.5681,2.6075,0.005,b4
9.9394,2.6476,0.0053,b4
9.9444,2.6519,0.0052,b4
9.9494,2.6536,0.0052,b4
9.9544,2.6519,0.0053,b4
9.9933,2.6655,0.0051,b4
9.9983,2.661,0.0053,b4
10.0033,2.6636,0.0052,b4
10.0086,2.6652,0.0052,b4
10.0136,2.6637,0.0053,b4
10.0186,2.6618,0.0054,b4
10.0236,2.6609,0.0053,b4
10.0286,2.6624,0.0051,b4
10.0339,2.6624,0.0053,b4
10.0389,2.6653,0.0053,b4
10.0439,2.6573,0.0052,b4
10.0489,2.6537,0.0051,b4
10.0539,2.6539,0.0052,b4
10.0589,2.6492,0.0052,b4
10.0642,2.6542,0.0051,b4
10.0692,2.647,0.005,b4
10.0731,2.6451,0.005,b4
10.0792,2.6503,0.0051,b4
10.0842,2.6492,0.0051,b4
10.0889,2.6513,0.0052,b4
10.0944,2.6495,0.0052,b4
10.0989,2.6495,0.0054,b4
10.1044,2.6458,0.0054,b4
10.1094,2.6515,0.0053,b4
10.1147,2.6506,0.0055,b4
10.1197,2.6487,0.0052,b4
10.1242,2.6475,0.0052,b4
10.1292,2.6507,0.0053,b4
10.1342,2.6535,0.0054,b4
10.32,2.6811,0.005,b4
10.3247,2.6768,0.0055,b4
10.3303,2.6793,0.0051,b4
10.3347,2.6816,0.0056,b4
10.3397,2.6835,0.005,b4
10.3447,2.6859,0.0051,b4
10.3506,2.6842,0.0054,b4
10.3556,2.681,0.0054,b4
10.3606,2.6829,0.0052,b4
10.3656,2.6851,0.0051,b4
10.3706,2.6921,0.0051,b4
10.3756,2.6942,0.0049,b4
10.3808,2.6934,0.0051,b4
10.3858,2.6961,0.005,b4
10.3908,2.6901,0.0052,b4
10.3958,2.6884,0.0051,b4
10.4008,2.6894,0.0051,b4
10.4061,2.6957,0.0054,b4
10.41,2.6916,0.0054,b4
10.4161,2.7002,0.0057,b4
10.4206,2.6958,0.0056,b4
10.4261,2.7026,0.0052,b4
10.4308,2.7007,0.0052,b4
10.4364,2.7043,0.0049,b4
10.4414,2.7088,0.005,b4
10.4464,2.713,0.0051,b4
10.4514,2.7165,0.005,b4
10.5033,2.738,0.0052,b4
10.5086,2.7377,0.005,b4
10.5136,2.7399,0.0051,b4
10.5186,2.7414,0.0051,b4
10.5236,2.7431,0.0051,b4
10.5286,2.7414,0.0051,b4
10.5333,2.7441,0.0051,b4
10.5378,2.7395,0.0051,b4
10.5439,2.7375,0.0049,b4
10.5489,2.7354,0.0051,b4
10.5539,2.7334,0.0051,b4
10.5589,2.7307,0.0052,b4
10.5642,2.7313,0.005,b4
10.5692,2.7285,0.0052,b4
10.5742,2.7267,0.0053,b4
10.5792,2.7259,0.0051,b4
10.5842,2.7251,0.005,b4
10.5894,2.7179,0.005,b4
10.5944,2.7138,0.0048,b4
10.5978,2.7169,0.0054,b4
10.6028,2.7131,0.0047,b4
10.6094,2.7079,0.0049,b4
10.6142,2.7125,0.0048,b4
10.6192,2.702,0.005,b4
10.6247,2.7089,0.0048,b4
10.6297,2.7109,0.0048,b4
10.6347,2.7036,0.0048,b4
10.8033,2.6236,0.0051,b4
10.8086,2.6248,0.0049,b4
10.8131,2.6189,0.0051,b4
10.8181,2.6205,0.0052,b4
10.8225,2.6039,0.0053,b4
10.8281,2.6111,0.0049,b4
10.8333,2.61,0.005,b4
10.8383,2.6095,0.0052,b4
10.8439,2.6096,0.0048,b4
10.8489,2.6048,0.0047,b4
10.8539,2.6007,0.0048,b4
10.8589,2.5964,0.0047,b4
10.8636,2.5923,0.0051,b4
10.8692,2.5925,0.0049,b4
10.8731,2.5861,0.0054,b4
10.8786,2.5826,0.0059,b4
10.8831,2.5747,0.0053,b4
10.8883,2.5713,0.0052,b4
10.8944,2.572,0.005,b4
10.8989,2.5719,0.0051,b4
10.9039,2.5647,0.0052,b4
10.9089,2.5658,0.0054,b4
10.9147,2.5723,0.0052,b4
10.9197,2.5628,0.0054,b4
10.9247,2.5663,0.0054,b4
10.9297,2.5661,0.0054,b4
10.9347,2.5711,0.0053,b4
10.9867,2.5925,0.0052,b4
10.9919,2.5926,0.0051,b4
10.9969,2.5942,0.005,b4
11.0019,2.5929,0.0049,b4
11.0069,2.5842,0.0049,b4
11.0108,2.5854,0.0049,b4
11.0153,2.5865,0.0052,b4
11.0217,2.5849,0.0048,b4
11.0267,2.5867,0.0047,b4
11.0322,2.5802,0.0046,b4
11.0372,2.5846,0.005,b4
11.0422,2.5829,0.0049,b4
11.0475,2.5846,0.005,b4
11.0525,2.5814,0.0058,b4
11.0564,2.5792,0.0055,b4
11.0625,2.5791,0.005,b4
11.0675,2.5757,0.0052,b4
11.0717,2.5798,0.0049,b4
11.0778,2.5746,0.0051,b4
11.0822,2.5693,0.0051,b4
11.0872,2.5683,0.0051,b4
11.0928,2.5666,0.0053,b4
11.0981,2.5645,0.0054,b4
11.1031,2.5646,0.0053,b4
11.1081,2.565,0.0051,b4
11.1131,2.5641,0.0051,b4
11.1181,2.5624,0.0049,b4
11.355,2.5791,0.004,b4
11.36,2.5844,0.0042,b4
11.365,2.5868,0.0044,b4
11.37,2.5887,0.0042,b4
11.375,2.593,0.0043,b4
11.38,2.5892,0.004,b4
11.3853,2.5837,0.0042,b4
11.3903,2.5749,0.0041,b4
11.3953,2.5826,0.004,b4
11.4003,2.5476,0.0046,b4
11.4053,2.5668,0.0046,b4
11.4106,2.5702,0.0043,b4
11.4156,2.5589,0.0043,b4
11.4206,2.5603,0.0043,b4
11.4256,2.5552,0.0042,b4
11.4306,2.5554,0.0043,b4
11.4358,2.5567,0.0042,b4
11.4408,2.552,0.0041,b4
11.4458,2.5472,0.0042,b4
11.4508,2.5474,0.0042,b4
11.4558,2.5412,0.0043,b4
11.4611,2.5378,0.0048,b4
11.4661,2.534,0.0044,b4
11.4706,2.5361,0.0043,b4
11.475,2.528,0.0043,b4
11.4811,2.5242,0.0044,b4
11.4864,2.5194,0.0044,b4
11.5367,2.4702,0.0041,b4
11.5419,2.4641,0.0041,b4
11.5469,2.4586,0.0041,b4
11.5519,2.4413,0.004,b4
11.5569,2.4473,0.0041,b4
11.5619,2.4405,0.0041,b4
11.5672,2.4365,0.0042,b4
11.5722,2.4344,0.0043,b4
11.5772,2.4234,0.0042,b4
11.5822,2.4254,0.004,b4
11.5867,2.4179,0.0039,b4
11.5917,2.4106,0.0037,b4
11.5975,2.4107,0.0039,b4
11.6025,2.4064,0.0041,b4
11.6075,2.3932,0.0041,b4
11.6125,2.3991,0.0039,b4
11.6169,2.3949,0.004,b4
11.6228,2.3906,0.0042,b4
11.6278,2.3853,0.0039,b4
11.6328,2.3851,0.0039,b4
11.6378,2.3813,0.0037,b4
11.6428,2.3805,0.0037,b4
11.6481,2.3807,0.0038,b4
11.6519,2.3713,0.0043,b4
11.6581,2.374,0.0038,b4
11.6631,2.3692,0.0039,b4
11.6681,2.3698,0.0037,b4
11.8528,2.3915,0.0044,b4
11.8586,2.3954,0.0038,b4
11.8636,2.3884,0.0038,b4
11.8686,2.3986,0.0038,b4
11.8736,2.4013,0.0039,b4
11.8786,2.3963,0.0039,b4
11.8839,2.3997,0.0038,b4
11.8889,2.397,0.004,b4
11.8939,2.3972,0.0041,b4
11.8989,2.3953,0.0048,b4
11.9028,2.3928,0.0048,b4
11.9083,2.3894,0.0048,b4
11.9142,2.392,0.0039,b4
11.9192,2.3884,0.004,b4
11.9292,2.3914,0.0039,b4
11.9342,2.3946,0.0039,b4
11.9394,2.392,0.0038,b4
11.9444,2.393,0.0039,b4
11.9494,2.3965,0.0038,b4
11.9544,2.3969,0.0042,b4
11.9589,2.3947,0.0039,b4
11.9636,2.3992,0.004,b4
11.9697,2.3999,0.0041,b4
11.9747,2.4038,0.0038,b4
11.9797,2.4048,0.0039,b4
11.9847,2.3992,0.004,b4
12.0367,2.4197,0.0039,b4
12.0419,2.4226,0.0041,b4
12.0469,2.422,0.0042,b4
12.0519,2.4188,0.004,b4
12.0564,2.4219,0.004,b4
12.0619,2.4275,0.0039,b4
12.0661,2.4312,0.004,b4
12.0722,2.4322,0.0043,b4
12.0772,2.4317,0.0044,b4
12.0817,2.4332,0.0048,b4
12.0872,2.4341,0.0048,b4
12.0922,2.4477,0.0046,b4
12.0975,2.4496,0.0048,b4
12.1025,2.4553,0.0043,b4
12.1075,2.4575,0.0042,b4
12.1125,2.4626,0.0044,b4
12.1175,2.4665,0.0044,b4
12.1217,2.4605,0.0044,b4
12.1278,2.4799,0.0044,b4
12.1328,2.4721,0.0042,b4
12.1372,2.4811,0.0044,b4
12.1422,2.4815,0.0046,b4
12.1481,2.4856,0.0044,b4
12.1531,2.4887,0.0045,b4
12.1581,2.4662,0.0042,b4
12.1631,2.4858,0.0043,b4
12.1675,2.4919,0.0046,b4
12.62,2.4763,0.0058,b4
12.6253,2.4798,0.0052,b4
12.6303,2.4726,0.0051,b4
12.6353,2.4621,0.0051,b4
12.6403,2.4622,0.0061,b4
12.6453,2.4501,0.0047,b4
12.65,2.447,0.0065,b4
12.6556,2.4342,0.0068,b4
12.6606,2.4517,0.005,b4
12.6656,2.4727,0.0053,b4
12.6706,2.4673,0.0049,b4
12.675,2.4758,0.0056,b4
12.6808,2.4759,0.0062,b4
12.6858,2.4805,0.0051,b4
12.6908,2.4714,0.0051,b4
12.6958,2.4786,0.0058,b4
12.7008,2.4545,0.0086,b4
12.7061,2.4594,0.0057,b4
12.7111,2.4702,0.0057,b4
12.7161,2.4693,0.0041,b4
12.7211,2.4503,0.006,b4
12.7261,2.4526,0.007,b4
12.7314,2.4627,0.0048,b4
12.7364,2.4671,0.0047,b4
12.7414,2.4533,0.0062,b4
12.7464,2.4566,0.0059,b4
12.7508,2.4596,0.0036,b4
12.8033,2.4143,0.005,b4
12.8086,2.4107,0.0053,b4
12.8136,2.3887,0.0054,b4
12.8186,2.3903,0.0058,b4
12.8236,2.3772,0.0067,b4
12.8286,2.3412,0.007,b4
12.8339,2.3473,0.0064,b4
12.8389,2.3488,0.0057,b4
12.8439,2.3501,0.0062,b4
12.8489,2.3382,0.005,b4
12.8539,2.3172,0.0057,b4
12.8583,2.321,0.0046,b4
12.8642,2.3137,0.0049,b4
12.8692,2.3116,0.0052,b4
12.8736,2.308,0.0058,b4
12.8792,2.2951,0.0053,b4
12.8842,2.302,0.0053,b4
12.8883,2.3011,0.0062,b4
12.8944,2.2894,0.0053,b4
12.8989,2.2841,0.0051,b4
12.9039,2.2359,0.0057,b4
12.9094,2.2824,0.0055,b4
12.9147,2.2821,0.0049,b4
12.9197,2.2703,0.0048,b4
12.9247,2.2627,0.0044,b4
12.9297,2.2582,0.0053,b4
12.9342,2.272,0.0068,b4
13.12,2.3666,0.0053,b4
13.1253,2.3123,0.0047,b4
13.1303,2.3838,0.0063,b4
13.1353,2.3565,0.0039,b4
13.1403,2.3346,0.0092,b4
13.1453,2.3647,0.0043,b4
13.1506,2.3403,0.0047,b4
13.1556,2.3439,0.0086,b4
13.16,2.3281,0.006,b4
13.1656,2.3275,0.0093,b4
13.1706,2.3415,0.0117,b4
13.1756,2.3396,0.0051,b4
13.1808,2.3221,0.0024,b4
13.1858,2.346,0.0045,b4
13.1908,2.3382,0.0049,b4
13.1958,2.3392,0.0054,b4
13.2008,2.3525,0.0034,b4
13.2056,2.3086,0.0061,b4
13.2111,2.3133,0.0057,b4
13.2161,2.3256,0.0051,b4
13.2211,2.3145,0.0044,b4
13.2256,2.3015,0.0034,b4
13.2314,2.3447,0.0057,b4
13.2364,2.3324,0.0037,b4
13.2414,2.3386,0.0036,b4
13.2464,2.3245,0.0034,b4
13.2514,2.2965,0.0044,b4
13.3033,2.3349,0.005,b4
13.3086,2.3675,0.0067,b4
13.3136,2.3535,0.0062,b4
13.3186,2.3414,0.0041,b4
13.3236,2.3537,0.0035,b4
13.3281,2.3479,0.0043,b4
13.3339,2.3612,0.0037,b4
13.3389,2.3547,0.0036,b4
13.3439,2.3659,0.0051,b4
13.3489,2.3765,0.0066,b4
13.3533,2.3935,0.0038,b4
13.3589,2.3703,0.0069,b4
13.3642,2.3738,0.0046,b4
13.3692,2.3773,0.0049,b4
13.3742,2.4007,0.005,b4
13.3792,2.3983,0.004,b4
13.3842,2.4178,0.0064,b4
13.3894,2.4181,0.0046,b4
13.3939,2.4117,0.0036,b4
13.3994,2.4072,0.0038,b4
13.4044,2.4368,0.004,b4
13.4094,2.4178,0.0047,b4
13.4147,2.4502,0.0044,b4
13.4192,2.4448,0.0052,b4
13.4247,2.4368,0.0056,b4
13.4292,2.4496,0.0033,b4
13.4347,2.4706,0.0053,b4
13.62,2.2649,0.0064,b4
13.6253,2.2821,0.0034,b4
13.6303,2.3072,0.0043,b4
13.6353,2.2828,0.0058,b4
13.6397,2.301,0.0045,b4
13.6453,2.2934,0.004,b4
13.65,2.3085,0.0045,b4
13.655,2.255,0.0053,b4
13.6606,2.3189,0.0073,b4
13.665,2.2943,0.0035,b4
13.6706,2.2947,0.0056,b4
13.6756,2.3249,0.0051,b4
13.6808,2.2854,0.0034,b4
13.6858,2.2983,0.0048,b4
13.6908,2.2939,0.0036,b4
13.6953,2.2799,0.0059,b4
13.7008,2.2797,0.003,b4
13.7061,2.292,0.005,b4
13.7111,2.2693,0.0045,b4
13.7161,2.2697,0.0047,b4
13.7211,2.2942,0.0045,b4
13.7261,2.279,0.004,b4
13.7314,2.2936,0.0053,b4
13.7358,2.2699,0.0036,b4
13.7414,2.2608,0.0075,b4
13.7464,2.2394,0.0058,b4
13.7514,2.2631,0.0059,b4
