time,amp,sigma,band
9.0033,1.6738,0.0058,b4
9.0086,1.6728,0.0054,b4
9.0136,1.682,0.0054,b4
9.0186,1.6584,0.0059,b4
9.0236,1.7002,0.0044,b4
9.0692,1.6614,0.0048,b4
9.0742,1.6157,0.0067,b4
9.0792,1.6408,0.0044,b4
9.0842,1.623,0.0045,b4
9.0894,1.667,0.0042,b4
9.0944,1.6576,0.0044,b4
9.0994,1.6676,0.004,b4
9.3419,1.6573,0.0043,b4
9.3469,1.6485,0.0047,b4
9.4175,1.7276,0.004,b4
9.4367,1.7621,0.0045,b4
9.4428,1.7797,0.0043,b4
9.4481,1.7801,0.0051,b4
9.4833,1.7738,0.0044,b4
9.4872,1.7482,0.0059,b4
9.9339,1.8327,0.0048,b4
9.9378,1.8515,0.004,b4
9.9433,1.842,0.0045,b4
9.9983,1.8822,0.0041,b4
10.0033,1.8633,0.0049,b4
10.0094,1.8897,0.0041,b4
10.0147,1.9047,0.0046,b4
10.1639,2.0938,0.0048,b4
10.2061,2.1638,0.0041,b4
10.2111,2.164,0.0045,b4
10.2161,2.1718,0.0044,b4
10.2464,2.1932,0.0041,b4
10.2514,2.2019,0.0042,b4
10.3225,2.2368,0.0049,b4
10.3275,2.2477,0.0046,b4
10.3339,2.2755,0.0042,b4
10.3383,2.2719,0.0044,b4
10.3439,2.2823,0.0041,b4
10.3489,2.2962,0.0044,b4
10.3539,2.2986,0.0044,b4
10.3589,2.286,0.0045,b4
10.3636,2.3023,0.004,b4
10.3692,2.3084,0.0041,b4
10.3742,2.3214,0.0041,b4
10.3792,2.2991,0.005,b4
10.3842,2.2978,0.0055,b4
10.3878,2.3279,0.0048,b4
10.3939,2.3361,0.0045,b4
10.3989,2.3436,0.0042,b4
10.4044,2.3525,0.0039,b4
10.4094,2.3494,0.0042,b4
10.4142,2.3488,0.0048,b4
10.4197,2.347,0.0048,b4
10.4247,2.3794,0.0042,b4
10.4297,2.3717,0.0047,b4
10.4347,2.3797,0.0041,b4
10.44,2.3726,0.0042,b4
10.72,2.4221,0.0044,b4
10.7253,2.4298,0.004,b4
10.7303,2.4447,0.0048,b4
10.7347,2.4359,0.0047,b4
10.7403,2.4046,0.0053,b4
10.7453,2.446,0.0047,b4
10.7506,2.4344,0.0045,b4
10.7556,2.4626,0.0038,b4
10.7606,2.4727,0.0044,b4
10.7656,2.4712,0.004,b4
10.7706,2.4854,0.0042,b4
10.7756,2.4876,0.0047,b4
10.7797,2.4915,0.0046,b4
10.7853,2.4676,0.0049,b4
10.7897,2.4928,0.0043,b4
10.7947,2.5015,0.005,b4
10.8008,2.5203,0.0041,b4
10.8061,2.519,0.0045,b4
10.8111,2.5165,0.0044,b4
10.8161,2.5202,0.0042,b4
10.8211,2.5224,0.0041,b4
10.8256,2.5251,0.0042,b4
10.8314,2.525,0.0042,b4
10.8867,2.5318,0.0038,b4
10.8919,2.4712,0.0065,b4
10.8969,2.5378,0.0039,b4
10.9019,2.5463,0.0037,b4
10.9064,2.5561,0.0039,b4
10.9119,2.5623,0.0038,b4
10.9167,2.5621,0.0038,b4
10.9222,2.5632,0.005,b4
10.9272,2.4708,0.0064,b4
10.9322,2.5215,0.0058,b4
10.9372,2.5363,0.0044,b4
10.9422,2.567,0.0042,b4
10.9475,2.5564,0.0046,b4
10.9508,2.585,0.0043,b4
10.9569,2.588,0.0039,b4
10.9619,2.5915,0.0048,b4
10.9658,2.5737,0.0043,b4
10.9728,2.5854,0.0047,b4
10.9778,2.536,0.006,b4
10.9822,2.5737,0.0044,b4
10.9878,2.5779,0.004,b4
10.9928,2.5718,0.0044,b4
10.9981,2.5772,0.0039,b4
11.0031,2.5666,0.004,b4
11.0075,2.5418,0.0049,b4
11.0131,2.539,0.005,b4
11.0181,2.5352,0.005,b4
11.0233,2.5216,0.0044,b4
11.0283,2.5209,0.0053,b4
11.0328,2.48,0.0052,b4
11.0372,2.4825,0.0078,b4
11.0428,2.4784,0.0062,b4
11.0481,2.5132,0.0047,b4
11.1033,2.3935,0.0056,b4
11.1086,2.4255,0.0043,b4
11.1136,2.4377,0.0042,b4
11.1181,2.4371,0.004,b4
11.1231,2.4199,0.0045,b4
11.1286,2.4031,0.0041,b4
11.1339,2.3956,0.0036,b4
11.1389,2.3938,0.004,b4
11.1439,2.3843,0.0041,b4
11.1489,2.3758,0.0041,b4
11.1533,2.3593,0.004,b4
11.1583,2.3373,0.0044,b4
11.1642,2.3251,0.0038,b4
11.1692,2.2908,0.0048,b4
11.1731,2.3112,0.0046,b4
11.1792,2.2977,0.0054,b4
11.1836,2.2689,0.0059,b4
11.1894,2.2836,0.0056,b4
11.1944,2.3026,0.0043,b4
11.1994,2.2939,0.0042,b4
11.2044,2.2782,0.0044,b4
11.2094,2.2572,0.0043,b4
11.2147,2.2517,0.0041,b4
11.2192,2.2638,0.0037,b4
11.2247,2.2497,0.0041,b4
11.2297,2.2483,0.0039,b4
11.2347,2.2463,0.004,b4
11.24,2.2356,0.004,b4
11.245,2.2119,0.0047,b4
11.25,2.1817,0.0052,b4
11.255,2.1687,0.0048,b4
11.26,2.1666,0.0046,b4
11.2653,2.1727,0.0047,b4
11.4528,2.1073,0.0071,b4
11.4586,2.1043,0.0068,b4
11.4636,2.1526,0.0042,b4
11.4686,2.1408,0.0048,b4
11.4736,2.1395,0.0048,b4
11.4786,2.1428,0.005,b4
11.4839,2.1482,0.0044,b4
11.4889,2.1376,0.0051,b4
11.4933,2.1236,0.0048,b4
11.4989,2.143,0.0044,b4
11.5028,2.1398,0.0044,b4
11.5083,2.1334,0.006,b4
11.5142,2.1017,0.0062,b4
11.5192,2.1387,0.0042,b4
11.5242,2.1424,0.0048,b4
11.5281,2.14,0.0044,b4
11.5342,2.1198,0.0044,b4
11.5394,2.1338,0.0046,b4
11.5444,2.1424,0.0041,b4
11.5494,2.1433,0.0042,b4
11.5544,2.1195,0.004,b4
11.5594,2.1068,0.0044,b4
11.5647,2.1221,0.0045,b4
11.5686,2.1198,0.0044,b4
11.5747,2.1158,0.0041,b4
11.5792,2.0966,0.0045,b4
11.5847,2.092,0.0045,b4
11.5894,2.0918,0.0038,b4
11.595,2.093,0.0041,b4
11.6,2.0879,0.0042,b4
11.6533,2.0444,0.0052,b4
11.6586,2.0479,0.0054,b4
11.6636,2.0792,0.0043,b4
11.6686,2.0857,0.0044,b4
11.6731,2.0895,0.0047,b4
11.6786,2.089,0.0054,b4
11.6833,2.0789,0.0046,b4
11.6883,2.1095,0.0043,b4
11.6939,2.0933,0.0047,b4
11.6989,2.0937,0.0045,b4
11.7039,2.0823,0.0044,b4
11.7089,2.1078,0.0045,b4
11.7142,2.0957,0.0046,b4
11.7192,2.0922,0.0043,b4
11.7236,2.1169,0.0046,b4
11.7292,2.1053,0.0046,b4
11.7342,2.1295,0.0042,b4
11.7378,2.1275,0.005,b4
11.7444,2.1392,0.0043,b4
11.7489,2.1511,0.0041,b4
11.7544,2.1406,0.0047,b4
11.7594,2.1567,0.0044,b4
11.7647,2.1615,0.0044,b4
11.7697,2.1546,0.0047,b4
11.7747,2.1542,0.0046,b4
11.7797,2.1247,0.0075,b4
11.7847,2.1191,0.0046,b4
11.7894,2.1623,0.0042,b4
11.795,2.1658,0.0041,b4
11.8,2.1773,0.0047,b4
11.8044,2.1772,0.0049,b4
11.8094,2.1733,0.0066,b4
11.8153,2.1946,0.0058,b4
12.2711,2.2308,0.0068,b4
12.2756,2.2299,0.0065,b4
12.2811,2.2325,0.0063,b4
12.2861,2.2276,0.0059,b4
12.2911,2.2288,0.0059,b4
12.2964,2.2181,0.0057,b4
12.3008,2.1872,0.0059,b4
12.3064,2.219,0.0057,b4
12.3114,2.2029,0.0053,b4
12.3164,2.2022,0.0057,b4
12.3217,2.2234,0.0051,b4
12.3267,2.1821,0.0055,b4
12.3317,2.2066,0.0054,b4
12.3367,2.1996,0.0052,b4
12.3417,2.2095,0.0051,b4
12.3469,2.1885,0.006,b4
12.3514,2.1957,0.0051,b4
12.3569,2.1911,0.0056,b4
12.3619,2.2009,0.0052,b4
12.3669,2.2128,0.0052,b4
12.3719,2.1873,0.0059,b4
12.3772,2.191,0.0049,b4
12.3817,2.1795,0.0047,b4
12.3872,2.1726,0.0049,b4
12.3922,2.1617,0.0051,b4
12.3972,2.1561,0.0046,b4
12.4025,2.1553,0.0047,b4
12.4433,2.1359,0.0054,b4
12.4483,2.1135,0.0055,b4
12.4533,2.103,0.008,b4
12.4581,2.0966,0.005,b4
12.4636,2.1138,0.0038,b4
12.4686,2.1198,0.0041,b4
12.4736,2.1291,0.0044,b4
12.4786,2.1263,0.0041,b4
12.4839,2.0729,0.0046,b4
12.4889,2.0826,0.0054,b4
12.4939,2.0788,0.0066,b4
12.4989,2.0833,0.0052,b4
12.5039,2.0465,0.005,b4
12.5083,2.026,0.0078,b4
12.5142,2.0465,0.0107,b4
12.5192,1.9939,0.0084,b4
12.5236,2.0426,0.0097,b4
12.5292,2.0508,0.0084,b4
12.5336,2.0778,0.0074,b4
12.5394,2.087,0.0075,b4
12.5444,2.0707,0.0069,b4
12.5494,2.029,0.0068,b4
12.5544,2.0091,0.0081,b4
12.5589,2.0384,0.0056,b4
12.5647,2.0484,0.0044,b4
12.5697,2.0513,0.0059,b4
12.5747,2.0435,0.0046,b4
12.5792,2.0235,0.0065,b4
12.5847,2.0177,0.0074,b4
12.5894,2.0038,0.0155,b4
12.595,2.0229,0.0073,b4
12.5994,2.0605,0.0081,b4
12.6044,2.0043,0.0088,b4
12.61,1.9484,0.0157,b4
12.6153,2.0476,0.0078,b4
12.8033,2.3008,0.0052,b4
12.8086,2.3195,0.006,b4
12.8136,2.3519,0.0043,b4
12.8186,2.3475,0.0063,b4
12.8231,2.317,0.0083,b4
12.8286,2.3127,0.0078,b4
12.8339,2.2849,0.009,b4
12.8389,2.336,0.0071,b4
12.8428,2.2012,0.0106,b4
12.8489,2.1637,0.015,b4
12.8528,2.3785,0.0072,b4
12.8578,2.3162,0.0107,b4
12.8642,2.3537,0.0057,b4
12.8692,2.3707,0.0046,b4
12.8742,2.343,0.0048,b4
12.8792,2.3079,0.0114,b4
12.8842,2.316,0.006,b4
12.8894,2.2935,0.0099,b4
12.8928,2.3608,0.006,b4
12.8994,2.3907,0.007,b4
12.9044,2.3124,0.008,b4
12.9094,2.294,0.0168,b4
12.9147,2.3316,0.0159,b4
12.9197,2.2419,0.0359,b4
12.9247,2.3548,0.0152,b4
12.9297,2.4273,0.0089,b4
12.9347,2.3505,0.0081,b4
12.9867,2.3641,0.0075,b4
12.9919,2.335,0.0146,b4
12.9969,2.4148,0.0067,b4
13.0014,2.3827,0.0053,b4
13.0069,2.2524,0.0079,b4
13.0119,2.1389,0.0123,b4
13.0172,2.2938,0.0049,b4
13.0217,2.3541,0.0108,b4
13.0272,2.345,0.0111,b4
13.0322,2.2958,0.0151,b4
13.0372,2.2281,0.0287,b4
13.0422,2.299,0.0308,b4
13.0475,2.3894,0.0087,b4
13.0525,2.2592,0.0175,b4
13.0575,2.2987,0.009,b4
13.0625,2.1574,0.0168,b4
13.0675,2.2302,0.0189,b4
13.0722,2.2878,0.0132,b4
13.0778,2.2536,0.014,b4
13.0828,2.2034,0.0147,b4
13.0878,2.2021,0.016,b4
13.0928,2.1875,0.0166,b4
13.0981,2.1755,0.0205,b4
13.1031,2.0769,0.0274,b4
13.1081,2.0221,0.038,b4
13.1131,2.1723,0.0262,b4
13.1181,2.1697,0.0227,b4
13.1233,2.183,0.0172,b4
13.1283,2.2494,0.0151,b4
13.1333,2.1193,0.0174,b4
13.1383,2.0043,0.0339,b4
13.1433,2.1144,0.0188,b4
13.1486,2.1946,0.0148,b4
