time,amp,sigma,band
9.0033,1.6186,0.006,b3
9.0086,1.6173,0.0058,b3
9.0136,1.6268,0.0056,b3
9.0186,1.6059,0.0062,b3
9.0236,1.6435,0.0048,b3
9.0692,1.6079,0.005,b3
9.0742,1.5631,0.0067,b3
9.0792,1.5869,0.0048,b3
9.0842,1.5723,0.0047,b3
9.0894,1.6119,0.0044,b3
9.0944,1.6025,0.0044,b3
9.0994,1.611,0.0041,b3
9.3419,1.6008,0.004,b3
9.3469,1.5923,0.0046,b3
9.4175,1.6716,0.0039,b3
9.4228,1.68,0.0037,b3
9.4278,1.6564,0.0041,b3
9.4328,1.6524,0.0053,b3
9.4367,1.6973,0.004,b3
9.4428,1.7159,0.0038,b3
9.4481,1.715,0.0045,b3
9.4833,1.7169,0.0042,b3
9.4872,1.6896,0.0061,b3
9.9033,1.7875,0.0039,b3
9.9086,1.793,0.0037,b3
9.9136,1.795,0.0039,b3
9.9186,1.7885,0.0038,b3
9.9236,1.7879,0.004,b3
9.9286,1.7847,0.004,b3
9.9339,1.7693,0.0045,b3
9.9378,1.7855,0.0042,b3
9.9433,1.7767,0.0044,b3
9.9489,1.7913,0.0039,b3
9.9539,1.7929,0.0044,b3
9.9842,1.8059,0.0041,b3
9.9983,1.8174,0.0042,b3
10.0033,1.8007,0.0046,b3
10.0094,1.8238,0.0038,b3
10.0147,1.8397,0.0044,b3
10.0197,1.8398,0.0042,b3
10.0247,1.8514,0.0043,b3
10.0297,1.8376,0.0043,b3
10.0347,1.8558,0.004,b3
10.0594,1.8825,0.0039,b3
10.12,1.9498,0.0044,b3
10.1253,1.9744,0.0044,b3
10.1303,1.9791,0.0041,b3
10.1353,1.991,0.0047,b3
10.1403,2.0014,0.0042,b3
10.1453,2.0023,0.0043,b3
10.1639,2.0149,0.0046,b3
10.175,2.0435,0.0038,b3
10.1808,2.0583,0.0038,b3
10.1847,2.052,0.0043,b3
10.1908,2.0623,0.0044,b3
10.1958,2.0743,0.0044,b3
10.2008,2.0867,0.0039,b3
10.2061,2.0858,0.0042,b3
10.2111,2.0858,0.0044,b3
10.2161,2.0935,0.0043,b3
10.2211,2.1101,0.0039,b3
10.2261,2.1107,0.0037,b3
10.2464,2.1133,0.0041,b3
10.2514,2.1232,0.0043,b3
10.3033,2.1422,0.004,b3
10.3086,2.1775,0.0045,b3
10.3136,2.1641,0.0045,b3
10.3186,2.1487,0.0047,b3
10.3225,2.159,0.005,b3
10.3275,2.1727,0.0045,b3
10.3339,2.1913,0.0043,b3
10.3383,2.1883,0.0043,b3
10.3439,2.1999,0.004,b3
10.3489,2.2123,0.0042,b3
10.3539,2.2142,0.0044,b3
10.3589,2.202,0.0043,b3
10.3636,2.2185,0.0039,b3
10.3692,2.2254,0.004,b3
10.3742,2.2354,0.0041,b3
10.3792,2.2141,0.0047,b3
10.3842,2.2145,0.0053,b3
10.3878,2.2408,0.0043,b3
10.3939,2.2506,0.0043,b3
10.3989,2.2563,0.0041,b3
10.4044,2.2651,0.0039,b3
10.4094,2.2638,0.004,b3
10.4142,2.2631,0.0044,b3
10.4197,2.2589,0.0044,b3
10.4247,2.2912,0.004,b3
10.4297,2.2818,0.0044,b3
10.4347,2.2915,0.0038,b3
10.44,2.2856,0.0039,b3
10.445,2.2781,0.0048,b3
10.45,2.2897,0.0049,b3
10.455,2.2809,0.005,b3
10.46,2.305,0.0044,b3
10.4647,2.3023,0.0049,b3
10.72,2.3358,0.0044,b3
10.7253,2.3464,0.0041,b3
10.7303,2.358,0.0046,b3
10.7347,2.3519,0.0046,b3
10.7403,2.3217,0.0051,b3
10.7453,2.3603,0.0046,b3
10.7506,2.348,0.0042,b3
10.7556,2.3768,0.0038,b3
10.7606,2.3855,0.0041,b3
10.7656,2.3839,0.0038,b3
10.7706,2.396,0.0041,b3
10.7756,2.3988,0.0047,b3
10.7797,2.4013,0.0046,b3
10.7853,2.3801,0.0047,b3
10.7897,2.4052,0.004,b3
10.7947,2.4124,0.0051,b3
10.8008,2.4303,0.0041,b3
10.8061,2.4293,0.0045,b3
10.8111,2.4269,0.0042,b3
10.8161,2.4306,0.004,b3
10.8211,2.4325,0.0042,b3
10.8256,2.4346,0.0042,b3
10.8314,2.4349,0.0044,b3
10.8867,2.4398,0.004,b3
10.8919,2.3873,0.0063,b3
10.8969,2.4475,0.0041,b3
10.9019,2.4531,0.0038,b3
10.9064,2.4652,0.0037,b3
10.9119,2.4695,0.0038,b3
10.9167,2.4656,0.0039,b3
10.9222,2.4701,0.0047,b3
10.9272,2.3827,0.0064,b3
10.9322,2.431,0.0058,b3
10.9372,2.4432,0.0043,b3
10.9422,2.474,0.0038,b3
10.9475,2.4649,0.0043,b3
10.9508,2.4925,0.0037,b3
10.9569,2.4955,0.0038,b3
10.9619,2.4911,0.0048,b3
10.9658,2.4767,0.0041,b3
10.9728,2.4874,0.0044,b3
10.9778,2.4463,0.0055,b3
10.9822,2.4805,0.0042,b3
10.9878,2.4839,0.004,b3
10.9928,2.4787,0.0041,b3
10.9981,2.4828,0.0038,b3
11.0031,2.4746,0.0039,b3
11.0075,2.4498,0.0046,b3
11.0131,2.4477,0.0047,b3
11.0181,2.4459,0.0048,b3
11.0233,2.4345,0.0043,b3
11.0283,2.432,0.0049,b3
11.0328,2.3913,0.0046,b3
11.0372,2.3935,0.0075,b3
11.0428,2.3884,0.0056,b3
11.0481,2.4249,0.0043,b3
11.1033,2.3067,0.0054,b3
11.1086,2.3363,0.004,b3
11.1136,2.3482,0.0041,b3
11.1181,2.3475,0.0037,b3
11.1231,2.3254,0.0044,b3
11.1286,2.3112,0.0038,b3
11.1339,2.3036,0.0037,b3
11.1389,2.2995,0.004,b3
11.1439,2.2921,0.004,b3
11.1489,2.2859,0.0038,b3
11.1533,2.2733,0.0036,b3
11.1583,2.2535,0.0042,b3
11.1642,2.2393,0.0037,b3
11.1692,2.2124,0.0048,b3
11.1731,2.2292,0.0045,b3
11.1792,2.2156,0.0051,b3
11.1836,2.1915,0.0054,b3
11.1894,2.2022,0.0054,b3
11.1944,2.2201,0.004,b3
11.1994,2.2137,0.0039,b3
11.2044,2.196,0.004,b3
11.2094,2.1734,0.0039,b3
11.2147,2.1699,0.0037,b3
11.2192,2.1812,0.0034,b3
11.2247,2.166,0.0038,b3
11.2297,2.1651,0.0037,b3
11.2347,2.1648,0.0039,b3
11.24,2.1514,0.0036,b3
11.245,2.1304,0.0044,b3
11.25,2.1048,0.0049,b3
11.255,2.0899,0.0044,b3
11.26,2.0873,0.0046,b3
11.2653,2.0921,0.0044,b3
11.4528,2.031,0.007,b3
11.4586,2.0289,0.0064,b3
11.4636,2.0786,0.0043,b3
11.4686,2.0658,0.0046,b3
11.4736,2.0642,0.0047,b3
11.4786,2.0683,0.005,b3
11.4839,2.0725,0.0045,b3
11.4889,2.0624,0.0052,b3
11.4933,2.0478,0.0048,b3
11.4989,2.0652,0.0043,b3
11.5028,2.0646,0.0041,b3
11.5083,2.0587,0.0055,b3
11.5142,2.0277,0.0059,b3
11.5192,2.0638,0.0042,b3
11.5242,2.0656,0.0048,b3
11.5281,2.064,0.0042,b3
11.5342,2.0458,0.004,b3
11.5394,2.0573,0.0043,b3
11.5444,2.0672,0.004,b3
11.5494,2.069,0.0039,b3
11.5544,2.0457,0.0039,b3
11.5594,2.0333,0.0043,b3
11.5647,2.0469,0.0041,b3
11.5686,2.0467,0.004,b3
11.5747,2.0436,0.004,b3
11.5792,2.0302,0.0043,b3
11.5847,2.0292,0.0047,b3
11.5894,2.0186,0.0037,b3
11.595,2.0234,0.004,b3
11.6,2.0169,0.004,b3
11.6533,1.9748,0.0047,b3
11.6586,1.98,0.0048,b3
11.6636,2.0082,0.0042,b3
11.6686,2.0137,0.0042,b3
11.6731,2.0154,0.0044,b3
11.6786,2.0167,0.0054,b3
11.6833,2.0074,0.0042,b3
11.6883,2.0353,0.0043,b3
11.6939,2.0198,0.0047,b3
11.6989,2.0219,0.0045,b3
11.7039,2.0118,0.0043,b3
11.7089,2.0349,0.0043,b3
11.7142,2.0216,0.0041,b3
11.7192,2.0166,0.0041,b3
11.7236,2.0406,0.0042,b3
11.7292,2.0337,0.0041,b3
11.7342,2.0566,0.0039,b3
11.7378,2.0551,0.0047,b3
11.7444,2.0652,0.0041,b3
11.7489,2.0753,0.0039,b3
11.7544,2.0666,0.0044,b3
11.7594,2.0814,0.0044,b3
11.7647,2.0869,0.0043,b3
11.7697,2.0788,0.0045,b3
11.7747,2.0803,0.0045,b3
11.7797,2.0513,0.0072,b3
11.7847,2.043,0.0046,b3
11.7894,2.0865,0.0041,b3
11.795,2.0911,0.004,b3
11.8,2.1005,0.0045,b3
11.8044,2.1012,0.0045,b3
11.8094,2.0986,0.006,b3
11.8153,2.1182,0.0056,b3
12.2711,2.1559,0.0063,b3
12.2756,2.1503,0.0061,b3
12.2811,2.1578,0.0059,b3
12.2861,2.1523,0.0055,b3
12.2911,2.1511,0.0055,b3
12.2964,2.1398,0.0054,b3
12.3008,2.11,0.0059,b3
12.3064,2.1426,0.0058,b3
12.3114,2.1281,0.0049,b3
12.3164,2.1263,0.0058,b3
12.3217,2.1453,0.0047,b3
12.3267,2.1051,0.0053,b3
12.3317,2.1292,0.005,b3
12.3367,2.1238,0.0046,b3
12.3417,2.132,0.0045,b3
12.3469,2.1122,0.0059,b3
12.3514,2.1185,0.0045,b3
12.3569,2.1103,0.0047,b3
12.3619,2.1264,0.0041,b3
12.3669,2.1335,0.0043,b3
12.3719,2.1121,0.0048,b3
12.3772,2.1149,0.0047,b3
12.3817,2.1039,0.0044,b3
12.3872,2.0961,0.0046,b3
12.3922,2.088,0.0047,b3
12.3972,2.0817,0.0042,b3
12.4025,2.0788,0.0041,b3
12.4433,2.0594,0.0046,b3
12.4483,2.0387,0.0048,b3
12.4533,2.027,0.0068,b3
12.4581,2.0198,0.0055,b3
12.4636,2.0408,0.0034,b3
12.4686,2.0447,0.0039,b3
12.4736,2.0538,0.0044,b3
12.4786,2.0508,0.0037,b3
12.4839,2.0021,0.0043,b3
12.4889,2.0054,0.0049,b3
12.4939,2.0021,0.0054,b3
12.4989,2.007,0.0041,b3
12.5039,1.9754,0.0052,b3
12.5083,1.9477,0.008,b3
12.5142,1.9668,0.0103,b3
12.5192,1.9143,0.0087,b3
12.5236,1.9619,0.0102,b3
12.5292,1.9702,0.0088,b3
12.5336,2.0206,0.0081,b3
12.5394,2.0396,0.0083,b3
12.5444,2.0171,0.0062,b3
12.5494,1.9772,0.0064,b3
12.5544,1.9358,0.0073,b3
12.5589,1.9608,0.0047,b3
12.5647,1.9754,0.0043,b3
12.5697,1.9781,0.0055,b3
12.5747,1.9691,0.0038,b3
12.5792,1.9601,0.0043,b3
12.5847,1.9518,0.0067,b3
12.5894,1.9356,0.0131,b3
12.595,1.949,0.0063,b3
12.5994,1.9824,0.007,b3
12.6044,1.9306,0.0098,b3
12.61,1.8949,0.0166,b3
12.6153,1.9802,0.007,b3
12.8033,2.2271,0.0056,b3
12.8086,2.2464,0.0058,b3
12.8136,2.274,0.0037,b3
12.8186,2.2701,0.0052,b3
12.8231,2.2427,0.008,b3
12.8286,2.2397,0.0073,b3
12.8339,2.2064,0.0083,b3
12.8389,2.2558,0.0063,b3
12.8428,2.1314,0.0118,b3
12.8489,2.0948,0.0132,b3
12.8528,2.2944,0.0076,b3
12.8578,2.2317,0.0111,b3
12.8642,2.2758,0.0058,b3
12.8692,2.2936,0.0042,b3
12.8742,2.2657,0.0055,b3
12.8792,2.2318,0.0105,b3
12.8842,2.2423,0.0064,b3
12.8894,2.2164,0.0094,b3
12.8928,2.2834,0.0057,b3
12.8994,2.319,0.0061,b3
12.9044,2.2395,0.0087,b3
12.9094,2.2242,0.0176,b3
12.9147,2.2676,0.0168,b3
12.9197,2.1886,0.0359,b3
12.9247,2.2847,0.0119,b3
12.9297,2.3532,0.0068,b3
12.9347,2.2774,0.0069,b3
12.9867,2.2925,0.006,b3
12.9919,2.2576,0.0141,b3
12.9969,2.3385,0.0068,b3
13.0014,2.3231,0.0047,b3
13.0069,2.2366,0.0058,b3
13.0119,2.1053,0.0092,b3
13.0172,2.2677,0.0017,b3
13.0217,2.3323,0.0063,b3
13.0272,2.3186,0.0075,b3
13.0322,2.2729,0.0147,b3
13.0372,2.1973,0.027,b3
13.0422,2.2606,0.0263,b3
13.0475,2.326,0.0056,b3
13.0525,2.1961,0.019,b3
13.0575,2.2422,0.0078,b3
13.0625,2.0988,0.0168,b3
13.0675,2.1706,0.0157,b3
13.0722,2.2251,0.0078,b3
13.0778,2.1865,0.0133,b3
13.0828,2.1475,0.0128,b3
13.0878,2.1357,0.0125,b3
13.0928,2.1134,0.0125,b3
13.0981,2.1098,0.017,b3
13.1031,2.0387,0.0274,b3
13.1081,1.964,0.0344,b3
13.1131,2.1049,0.0215,b3
13.1181,2.1114,0.0193,b3
13.1233,2.1033,0.0171,b3
13.1283,2.1733,0.0126,b3
13.1333,2.0409,0.0172,b3
13.1383,1.9646,0.0278,b3
13.1433,2.0998,0.0132,b3
13.1486,2.1687,0.0156,b3
