time,amp,sigma,band
4.9283,2.3983,0.0075,b3
4.9336,2.3816,0.0098,b3
4.9386,2.4088,0.008,b3
4.9436,2.4211,0.0076,b3
4.9486,2.4047,0.0071,b3
4.9531,2.3992,0.0092,b3
4.9589,2.4236,0.0088,b3
4.9639,2.4197,0.0069,b3
4.9689,2.4459,0.0075,b3
4.9739,2.4353,0.0067,b3
4.9789,2.4346,0.0069,b3
4.9833,2.4517,0.0074,b3
4.9892,2.4414,0.0081,b3
4.9942,2.4329,0.0081,b3
4.9992,2.465,0.0075,b3
5.0042,2.4647,0.0075,b3
5.0092,2.4757,0.007,b3
5.0144,2.4584,0.0076,b3
5.0194,2.4705,0.0071,b3
5.0244,2.4777,0.0073,b3
5.0294,2.4966,0.0078,b3
5.0344,2.4782,0.0067,b3
5.0392,2.4919,0.0079,b3
5.0447,2.4552,0.0083,b3
5.0497,2.4807,0.008,b3
5.0547,2.4891,0.0072,b3
5.0597,2.4641,0.0076,b3
5.1117,2.4671,0.0072,b3
5.1164,2.4701,0.0074,b3
5.1219,2.4169,0.0066,b3
5.1269,2.4504,0.0074,b3
5.1319,2.4425,0.0076,b3
5.1369,2.4489,0.0076,b3
5.1422,2.4244,0.0071,b3
5.1461,2.4508,0.009,b3
5.1522,2.4404,0.0067,b3
5.1572,2.4409,0.0062,b3
5.1617,2.4524,0.008,b3
5.1672,2.4371,0.0081,b3
5.1719,2.4286,0.0073,b3
5.1769,2.4201,0.0081,b3
5.1825,2.4535,0.0073,b3
5.1875,2.4179,0.0078,b3
5.1925,2.4516,0.0072,b3
5.1978,2.433,0.0064,b3
5.2028,2.4433,0.0075,b3
5.2078,2.4311,0.0069,b3
5.2128,2.4232,0.007,b3
5.2178,2.4317,0.0078,b3
6.045,2.411,0.0063,b3
6.0503,2.4115,0.0064,b3
6.0553,2.3745,0.0062,b3
6.0603,2.3764,0.0074,b3
6.0653,2.4033,0.0091,b3
6.0703,2.4163,0.0061,b3
6.0756,2.4107,0.0058,b3
6.0806,2.4127,0.0064,b3
6.0856,2.3738,0.0063,b3
6.0906,2.3067,0.008,b3
6.0956,2.4076,0.0064,b3
6.1006,2.3444,0.0088,b3
6.1058,2.3723,0.0082,b3
6.1108,2.3819,0.0082,b3
6.1153,2.4119,0.0064,b3
6.1208,2.3633,0.0058,b3
6.1253,2.3863,0.0066,b3
6.1311,2.3735,0.0067,b3
6.1361,2.3832,0.0066,b3
6.1411,2.3923,0.0092,b3
6.1461,2.3783,0.0064,b3
6.1511,2.3585,0.007,b3
6.1933,2.4023,0.0064,b3
6.1983,2.3888,0.0066,b3
6.2033,2.4061,0.0064,b3
6.2086,2.3813,0.0076,b3
6.2136,2.368,0.0072,b3
6.2186,2.3968,0.0067,b3
6.2236,2.372,0.0066,b3
6.2286,2.3843,0.007,b3
6.2339,2.3469,0.0061,b3
6.2389,2.3134,0.0059,b3
6.2439,2.3461,0.0059,b3
6.2489,2.3554,0.0055,b3
6.2539,2.2843,0.0088,b3
6.2578,2.3109,0.0085,b3
6.2642,2.3124,0.0088,b3
6.2692,2.3577,0.0071,b3
6.2742,2.3158,0.0077,b3
6.2792,2.3454,0.0064,b3
6.2842,2.3456,0.0067,b3
6.2894,2.3486,0.0064,b3
6.2944,2.3279,0.0067,b3
6.2994,2.3312,0.0067,b3
6.3044,2.2973,0.0083,b3
6.3094,2.3044,0.0084,b3
6.3147,2.3056,0.0068,b3
6.3197,2.2514,0.0064,b3
6.3247,2.26,0.0099,b3
6.3297,2.248,0.0072,b3
6.3347,2.259,0.0062,b3
6.5783,2.3408,0.007,b3
6.5836,2.3236,0.0065,b3
6.5886,2.3246,0.0063,b3
6.5936,2.3114,0.0065,b3
6.5986,2.3284,0.0061,b3
6.6036,2.3238,0.0065,b3
6.6089,2.3266,0.006,b3
6.6139,2.324,0.0062,b3
6.6189,2.3286,0.0061,b3
6.6239,2.3343,0.006,b3
6.6289,2.3305,0.0071,b3
6.6339,2.3215,0.0068,b3
6.6392,2.3247,0.0056,b3
6.6442,2.3311,0.0062,b3
6.6486,2.3315,0.0063,b3
6.6542,2.3337,0.0058,b3
6.6586,2.3131,0.0062,b3
6.6644,2.3041,0.0074,b3
6.6694,2.3286,0.007,b3
6.6744,2.3034,0.0066,b3
6.6794,2.3165,0.0059,b3
6.6844,2.2557,0.0088,b3
6.6892,2.2814,0.0074,b3
6.6942,2.3059,0.006,b3
6.6997,2.2994,0.006,b3
6.7047,2.2747,0.0064,b3
6.7092,2.2869,0.0066,b3
6.715,2.2855,0.0066,b3
6.77,2.325,0.0062,b3
6.7753,2.2798,0.006,b3
6.7803,2.3125,0.0059,b3
6.7853,2.2941,0.0066,b3
6.7903,2.289,0.0064,b3
6.7953,2.2969,0.0062,b3
6.8006,2.2721,0.007,b3
6.8056,2.2829,0.0063,b3
6.8106,2.2358,0.007,b3
6.815,2.251,0.0071,b3
6.8206,2.2274,0.0075,b3
6.8256,2.2196,0.0081,b3
6.8292,2.2765,0.0057,b3
6.8358,2.3021,0.0064,b3
6.8403,2.2953,0.0057,b3
6.8458,2.227,0.0076,b3
6.8508,2.2777,0.0053,b3
6.8561,2.2611,0.0052,b3
6.8611,2.2232,0.0048,b3
6.8661,2.1748,0.0068,b3
7.1617,2.2569,0.006,b3
7.1669,2.28,0.0056,b3
7.1719,2.2502,0.0056,b3
7.1764,2.2699,0.0062,b3
7.1808,2.2754,0.006,b3
7.1864,2.2445,0.006,b3
7.1922,2.2434,0.007,b3
7.1972,2.2654,0.0062,b3
7.2022,2.2794,0.0059,b3
7.2072,2.2852,0.0059,b3
7.2122,2.2915,0.0064,b3
7.2172,2.2814,0.0062,b3
7.2225,2.3052,0.0057,b3
7.2275,2.2998,0.006,b3
7.2325,2.3141,0.0055,b3
7.2375,2.3078,0.0055,b3
7.2425,2.3106,0.0053,b3
7.2478,2.319,0.0057,b3
7.2528,2.3197,0.0054,b3
7.2578,2.3155,0.0056,b3
7.2622,2.3165,0.0054,b3
7.2678,2.3283,0.0055,b3
7.495,2.2084,0.0059,b3
7.4997,2.2254,0.0054,b3
7.5053,2.2254,0.0055,b3
7.5103,2.2311,0.0051,b3
7.5153,2.2309,0.005,b3
7.5197,2.2292,0.0053,b3
7.5356,2.2323,0.0052,b3
7.5406,2.2238,0.0054,b3
7.5456,2.2069,0.0051,b3
7.5506,2.2157,0.0054,b3
7.5558,2.2136,0.005,b3
7.5608,2.21,0.0051,b3
7.5658,2.2154,0.005,b3
7.5708,2.2189,0.005,b3
7.5758,2.2073,0.0051,b3
7.5811,2.2098,0.0055,b3
7.5861,2.2139,0.0051,b3
7.5911,2.2121,0.0055,b3
7.5956,2.2286,0.0051,b3
7.6011,2.2202,0.0055,b3
7.6064,2.2207,0.0046,b3
7.6114,2.223,0.0054,b3
7.6164,2.2385,0.0052,b3
7.6214,2.2305,0.0052,b3
7.6253,2.237,0.0053,b3
7.6317,2.2319,0.005,b3
7.6361,2.2419,0.0052,b3
7.6417,2.2334,0.0049,b3
7.6467,2.2397,0.0051,b3
7.6517,2.2419,0.0051,b3
7.6569,2.2469,0.0047,b3
7.6619,2.2388,0.005,b3
7.6669,2.2333,0.0052,b3
7.6719,2.245,0.0052,b3
7.6769,2.2354,0.005,b3
7.6819,2.2339,0.0053,b3
7.6872,2.2127,0.0055,b3
7.6917,2.2101,0.0059,b3
7.7861,2.213,0.0051,b3
7.7919,2.2237,0.0055,b3
7.7969,2.2371,0.0052,b3
7.8008,2.2284,0.0051,b3
7.8069,2.2323,0.0054,b3
7.8119,2.2355,0.0047,b3
7.8172,2.2323,0.0048,b3
7.8222,2.2362,0.0051,b3
7.8272,2.2236,0.0051,b3
7.8322,2.2269,0.0052,b3
7.8372,2.224,0.0054,b3
7.8417,2.2228,0.0053,b3
7.8475,2.2216,0.0055,b3
7.8525,2.213,0.0053,b3
7.8575,2.2091,0.0058,b3
7.8625,2.2081,0.0054,b3
7.8675,2.1915,0.0055,b3
7.8728,2.2077,0.005,b3
7.8778,2.2046,0.0059,b3
7.8828,2.2098,0.005,b3
7.8878,2.1994,0.005,b3
7.8928,2.1824,0.0048,b3
7.8981,2.1961,0.0051,b3
7.9031,2.1619,0.006,b3
7.9081,2.1615,0.0058,b3
7.9131,2.1889,0.0055,b3
7.9181,2.178,0.005,b3
7.9233,2.1775,0.0056,b3
7.9283,2.1743,0.0049,b3
7.9333,2.1887,0.0053,b3
7.9378,2.1815,0.0055,b3
7.9433,2.1843,0.005,b3
7.9486,2.1853,0.0052,b3
7.9536,2.1912,0.0056,b3
7.9586,2.1878,0.0056,b3
7.9636,2.1854,0.0054,b3
7.9686,2.1817,0.0056,b3
7.9736,2.1526,0.0058,b3
7.9789,2.1836,0.0055,b3
7.9839,2.1742,0.0056,b3
8.2033,2.0301,0.0054,b3
8.2086,2.024,0.0055,b3
8.2136,2.0373,0.0057,b3
8.2186,2.0063,0.0062,b3
8.2236,2.0391,0.0053,b3
8.2286,2.0335,0.0051,b3
8.2339,2.0211,0.0048,b3
8.2389,2.0271,0.0048,b3
8.2439,2.0394,0.0054,b3
8.2489,2.0359,0.0054,b3
8.2539,2.0366,0.0055,b3
8.2589,2.0309,0.0054,b3
8.2642,2.0135,0.0061,b3
8.2692,2.0103,0.0059,b3
8.2742,2.0316,0.0054,b3
8.2792,2.0046,0.0074,b3
8.2842,2.0308,0.0065,b3
8.2894,2.0433,0.0055,b3
8.2939,2.0308,0.0057,b3
8.2994,2.0451,0.006,b3
8.3044,2.0485,0.0058,b3
8.3094,2.0484,0.0059,b3
8.3147,2.0368,0.0056,b3
8.3197,2.041,0.006,b3
8.3247,2.0355,0.0053,b3
8.3297,2.0531,0.0053,b3
8.3347,2.0607,0.0052,b3
8.6033,2.259,0.0058,b3
8.6086,2.2694,0.006,b3
8.6136,2.264,0.0056,b3
8.6186,2.2649,0.0057,b3
8.6236,2.2595,0.0057,b3
8.6286,2.2657,0.0059,b3
8.6339,2.2462,0.0058,b3
8.6389,2.2599,0.0058,b3
8.6439,2.2664,0.0057,b3
8.6489,2.2568,0.0057,b3
8.6539,2.2632,0.0058,b3
8.6589,2.2643,0.0059,b3
8.6642,2.2603,0.0056,b3
8.6692,2.2633,0.0056,b3
8.6742,2.2569,0.0054,b3
8.6792,2.2614,0.0057,b3
8.6842,2.2539,0.0058,b3
8.6894,2.2584,0.0059,b3
8.6944,2.262,0.0058,b3
8.6994,2.2539,0.0056,b3
8.7044,2.26,0.0058,b3
8.7083,2.2538,0.0059,b3
8.7136,2.2536,0.006,b3
8.7197,2.2554,0.0062,b3
8.7247,2.2515,0.0063,b3
8.7297,2.2562,0.0057,b3
8.7347,2.2617,0.0057,b3
8.74,2.2583,0.0058,b3
8.745,2.261,0.0057,b3
8.75,2.2614,0.0057,b3
8.8033,2.2454,0.0063,b3
8.8086,2.2581,0.0055,b3
8.8136,2.2712,0.0054,b3
8.8186,2.2635,0.0055,b3
8.8236,2.2792,0.0057,b3
8.8286,2.2757,0.0057,b3
8.8339,2.2517,0.0064,b3
8.8389,2.2788,0.0057,b3
8.8439,2.2715,0.0065,b3
8.8489,2.2757,0.0057,b3
8.8539,2.2824,0.0057,b3
8.8589,2.2864,0.0055,b3
8.8642,2.2834,0.0059,b3
8.8692,2.2838,0.006,b3
8.8742,2.2618,0.0062,b3
8.8792,2.2503,0.0058,b3
8.8842,2.2733,0.0056,b3
8.8894,2.2825,0.0055,b3
8.8944,2.2768,0.0056,b3
8.8994,2.2963,0.0059,b3
8.9044,2.301,0.006,b3
8.9094,2.2955,0.0057,b3
8.9147,2.2997,0.0058,b3
9.07,2.3286,0.0061,b3
9.0753,2.3346,0.0061,b3
9.0803,2.3356,0.006,b3
9.0853,2.3321,0.0061,b3
9.0903,2.3382,0.0062,b3
9.0953,2.3318,0.006,b3
9.1006,2.3342,0.0062,b3
9.1056,2.3322,0.0059,b3
9.1106,2.3357,0.0062,b3
9.1156,2.3376,0.006,b3
9.1206,2.3255,0.0061,b3
9.1256,2.3333,0.0059,b3
9.1308,2.3321,0.006,b3
9.1358,2.3252,0.0063,b3
9.1408,2.3246,0.0062,b3
9.1458,2.3234,0.0063,b3
9.1508,2.3243,0.0064,b3
9.1561,2.3239,0.0063,b3
9.1611,2.3238,0.006,b3
9.1656,2.3202,0.0061,b3
9.22,2.325,0.0062,b3
9.2253,2.3215,0.0062,b3
9.2303,2.3246,0.0065,b3
9.2353,2.3262,0.0064,b3
9.2403,2.3237,0.0063,b3
9.2453,2.3263,0.0065,b3
9.2506,2.327,0.0064,b3
9.2556,2.3273,0.0064,b3
9.2606,2.3275,0.0063,b3
9.2656,2.326,0.0064,b3
9.2706,2.3268,0.0065,b3
9.2756,2.3303,0.0067,b3
9.2808,2.3232,0.0066,b3
9.2858,2.3253,0.0066,b3
9.2908,2.3248,0.0065,b3
9.2958,2.3277,0.0064,b3
9.3008,2.3279,0.0066,b3
9.3061,2.323,0.0064,b3
9.3111,2.3178,0.0064,b3
9.3161,2.3165,0.0064,b3
9.3211,2.3169,0.0065,b3
9.3261,2.3097,0.0066,b3
9.3314,2.3105,0.0065,b3
9.3364,2.3104,0.0067,b3
9.3414,2.3061,0.0066,b3
9.3464,2.3015,0.0066,b3
9.3514,2.3007,0.0067,b3
9.3567,2.3,0.0065,b3
9.3617,2.294,0.0063,b3
9.3667,2.2917,0.0065,b3
9.62,2.2902,0.0062,b3
9.6253,2.2875,0.0063,b3
9.6303,2.2674,0.0062,b3
9.6353,2.2758,0.0062,b3
9.6403,2.2673,0.0063,b3
9.6453,2.266,0.0064,b3
9.6506,2.2633,0.0064,b3
9.6556,2.2593,0.0063,b3
9.6606,2.256,0.0067,b3
9.6656,2.2488,0.0063,b3
9.6706,2.2482,0.0064,b3
9.6756,2.2432,0.0063,b3
9.6808,2.2465,0.0065,b3
9.6858,2.2455,0.006,b3
9.6908,2.2378,0.0058,b3
9.6958,2.243,0.006,b3
9.7008,2.2416,0.0063,b3
9.7061,2.2387,0.006,b3
9.7111,2.2369,0.0063,b3
9.7161,2.2362,0.0062,b3
9.7206,2.2313,0.0062,b3
9.7256,2.2345,0.0062,b3
9.7314,2.2308,0.0062,b3
9.7364,2.229,0.006,b3
9.7414,2.2287,0.0061,b3
9.7458,2.2303,0.006,b3
9.7514,2.2324,0.0063,b3
9.97,2.3161,0.0058,b3
9.9753,2.3125,0.006,b3
9.9803,2.3138,0.0059,b3
9.9847,2.3313,0.0057,b3
9.9897,2.3292,0.0056,b3
9.9953,2.3286,0.0057,b3
9.9986,2.3387,0.0059,b3
10.005,2.3393,0.0061,b3
10.0106,2.3469,0.0058,b3
10.0156,2.3448,0.0059,b3
10.0206,2.3518,0.0057,b3
10.0256,2.3576,0.0057,b3
10.0308,2.3474,0.0057,b3
10.0358,2.3606,0.006,b3
10.0408,2.3592,0.0059,b3
10.0458,2.3638,0.0059,b3
10.0508,2.3638,0.0059,b3
10.055,2.3614,0.0059,b3
10.0611,2.3686,0.0058,b3
10.0661,2.3555,0.0064,b3
10.0711,2.3678,0.0053,b3
10.0761,2.3479,0.0049,b3
10.0814,2.3681,0.0059,b3
10.0864,2.3632,0.0057,b3
10.0914,2.3716,0.0059,b3
10.0964,2.3481,0.0059,b3
10.1008,2.3628,0.0059,b3
10.1067,2.3643,0.006,b3
10.1117,2.3643,0.0058,b3
10.1167,2.3607,0.0057,b3
10.1217,2.3624,0.006,b3
10.1261,2.3592,0.0062,b3
10.1319,2.3585,0.0062,b3
10.1867,2.3166,0.006,b3
10.1919,2.3185,0.0056,b3
10.1969,2.259,0.0055,b3
10.2019,2.3172,0.0056,b3
10.2069,2.3279,0.0057,b3
10.2119,2.3227,0.0056,b3
10.2172,2.3195,0.005,b3
10.2222,2.3214,0.0055,b3
10.2267,2.3246,0.0059,b3
10.2322,2.3103,0.006,b3
10.2372,2.2804,0.0061,b3
10.2422,2.2762,0.0051,b3
10.2469,2.3064,0.006,b3
10.2514,2.2556,0.0089,b3
10.2564,2.299,0.0052,b3
10.2625,2.2961,0.006,b3
10.2675,2.3072,0.006,b3
10.32,2.2904,0.0062,b3
10.3253,2.2995,0.0058,b3
10.3303,2.2933,0.0057,b3
10.3353,2.2978,0.0056,b3
10.3403,2.2801,0.0054,b3
10.3453,2.2793,0.0053,b3
10.3506,2.2967,0.0054,b3
10.355,2.3084,0.0056,b3
10.3606,2.2999,0.0052,b3
10.3656,2.2953,0.0056,b3
10.3706,2.3033,0.0055,b3
10.3756,2.305,0.0054,b3
10.3808,2.299,0.0052,b3
10.3858,2.2938,0.0052,b3
10.3908,2.3014,0.0054,b3
10.3958,2.2993,0.0053,b3
10.4008,2.2937,0.0054,b3
10.4061,2.2689,0.0057,b3
10.4156,2.2892,0.0058,b3
10.4206,2.2641,0.0076,b3
10.4261,2.2722,0.0062,b3
10.4314,2.2986,0.0055,b3
10.5867,2.2633,0.0053,b3
10.5919,2.2418,0.0055,b3
10.5969,2.2611,0.0051,b3
10.6019,2.2609,0.005,b3
10.6069,2.2597,0.0053,b3
10.6119,2.2683,0.005,b3
10.6167,2.2585,0.005,b3
10.6222,2.2388,0.0053,b3
10.6272,2.2627,0.0055,b3
10.6322,2.2566,0.0054,b3
10.6372,2.2504,0.0056,b3
10.6422,2.2242,0.0047,b3
10.6469,2.2453,0.0052,b3
10.6525,2.2147,0.0056,b3
10.6569,2.235,0.0047,b3
10.6625,2.1996,0.0054,b3
10.6664,2.2469,0.0055,b3
10.6717,2.2485,0.0053,b3
10.6767,2.2452,0.0052,b3
10.6822,2.2438,0.0047,b3
10.6872,2.233,0.0051,b3
10.6928,2.2434,0.0052,b3
10.6981,2.233,0.0055,b3
10.7031,2.2126,0.0057,b3
10.7081,2.2094,0.0051,b3
10.7125,2.2109,0.0053,b3
10.7169,2.1775,0.0061,b3
10.77,2.206,0.0054,b3
10.7753,2.198,0.0058,b3
10.7803,2.1886,0.0063,b3
10.7847,2.1728,0.0056,b3
10.7897,2.1704,0.0063,b3
10.7947,2.1636,0.0053,b3
10.8,2.1575,0.0052,b3
10.8056,2.1925,0.0054,b3
10.8106,2.1669,0.0049,b3
10.8156,2.1644,0.0054,b3
10.8206,2.1915,0.0057,b3
10.8256,2.1812,0.0056,b3
10.8308,2.1896,0.0058,b3
10.8358,2.1916,0.0055,b3
10.8403,2.1935,0.0055,b3
10.8458,2.1861,0.0055,b3
10.8508,2.1925,0.0054,b3
10.855,2.145,0.0075,b3
10.8606,2.1561,0.0056,b3
10.8656,2.1749,0.0049,b3
10.8711,2.1645,0.0059,b3
10.8761,2.1722,0.0052,b3
10.8808,2.1653,0.0057,b3
10.8864,2.171,0.0053,b3
10.8914,2.1715,0.0055,b3
10.8964,2.1655,0.0056,b3
10.9008,2.1547,0.0055,b3
11.1419,2.1702,0.0052,b3
11.1469,2.1544,0.005,b3
11.1519,2.1574,0.0052,b3
11.1569,2.0833,0.0067,b3
11.1622,2.141,0.0052,b3
11.1672,2.1256,0.0061,b3
11.1706,2.1231,0.0065,b3
11.1772,2.1136,0.0054,b3
11.1822,2.0734,0.007,b3
11.1872,2.1163,0.0061,b3
11.1925,2.0874,0.0055,b3
11.1975,2.1045,0.0052,b3
11.2025,2.1139,0.0052,b3
11.2075,2.1024,0.005,b3
11.2119,2.0909,0.0051,b3
11.2178,2.0741,0.0048,b3
11.2228,2.0803,0.0046,b3
11.2278,2.0257,0.0055,b3
11.2328,2.071,0.0051,b3
11.2767,2.0397,0.0049,b3
11.2817,2.0289,0.0046,b3
11.2867,2.0253,0.0049,b3
11.2919,2.0224,0.0046,b3
11.2969,2.023,0.0049,b3
11.3008,2.0169,0.005,b3
11.3069,2.0133,0.0048,b3
11.3119,2.005,0.005,b3
11.3172,1.9967,0.0049,b3
11.3222,1.9907,0.0047,b3
11.3272,1.9837,0.0046,b3
11.3317,1.992,0.0051,b3
11.3372,1.9806,0.0046,b3
11.3422,1.9807,0.0042,b3
11.3475,1.9751,0.0048,b3
11.3525,1.9784,0.0049,b3
11.3569,1.9767,0.0044,b3
11.3625,1.9778,0.0046,b3
11.3675,1.9729,0.0046,b3
11.3722,1.9789,0.0046,b3
11.3772,1.9726,0.0048,b3
11.3828,1.9721,0.0045,b3
11.3878,1.9602,0.0047,b3
11.3922,1.9501,0.0042,b3
11.3981,1.9538,0.0044,b3
11.4031,1.9635,0.0047,b3
11.4081,1.9601,0.0045,b3
11.4131,1.9604,0.0049,b3
11.4181,1.9612,0.0046,b3
11.4233,1.95,0.0046,b3
11.4283,1.9346,0.0054,b3
11.4333,1.9473,0.0043,b3
11.4383,1.9388,0.0056,b3
11.4428,1.9594,0.0049,b3
11.4472,1.9374,0.0061,b3
11.6033,1.9812,0.005,b3
11.6086,1.971,0.0051,b3
11.6136,1.9763,0.0048,b3
11.6186,1.9786,0.0047,b3
11.6236,1.9892,0.005,b3
11.6286,1.9945,0.0048,b3
11.6333,1.9878,0.0051,b3
11.6383,1.9947,0.0044,b3
11.6433,1.9925,0.0043,b3
11.6483,1.9959,0.0047,b3
11.6539,2.0017,0.0046,b3
11.6589,2.0016,0.0048,b3
11.6642,2.0002,0.0049,b3
11.6692,2.0029,0.0048,b3
11.6742,2.0078,0.0047,b3
11.6792,2.0104,0.005,b3
11.6842,2.0143,0.0048,b3
11.6894,2.0127,0.0048,b3
11.6944,1.9991,0.0047,b3
11.6994,1.9911,0.0048,b3
11.7044,2.0181,0.0054,b3
11.7089,2.0077,0.0049,b3
11.7142,2.0253,0.005,b3
11.77,2.0372,0.0043,b3
11.7753,2.046,0.0047,b3
11.7803,2.0681,0.0049,b3
11.7853,2.0671,0.0048,b3
11.7903,2.0729,0.0047,b3
11.7953,2.0661,0.0046,b3
11.8006,2.0672,0.005,b3
11.8056,2.0781,0.0047,b3
11.81,2.0732,0.0048,b3
11.8156,2.0887,0.0045,b3
11.8206,2.0752,0.0042,b3
11.8256,2.085,0.0044,b3
11.8308,2.0909,0.0045,b3
11.8358,2.0819,0.0042,b3
11.8408,2.0987,0.0046,b3
11.8458,2.0958,0.0043,b3
11.8503,2.0876,0.0046,b3
11.8561,2.1056,0.0041,b3
11.8611,2.1101,0.0045,b3
11.8656,2.1114,0.0052,b3
11.8711,2.1177,0.0043,b3
11.8761,2.1152,0.004,b3
11.8814,2.1056,0.004,b3
11.8864,2.1027,0.0049,b3
11.8908,2.1358,0.004,b3
11.8964,2.1458,0.0043,b3
11.9014,2.146,0.0043,b3
11.9067,2.1371,0.0038,b3
11.9117,2.1633,0.0039,b3
11.9156,2.1689,0.004,b3
12.3367,2.2951,0.0072,b3
12.3419,2.3096,0.0068,b3
12.3469,2.31,0.0066,b3
12.3519,2.3024,0.0064,b3
12.3569,2.3052,0.007,b3
12.3619,2.2983,0.0062,b3
12.3672,2.2935,0.0066,b3
12.3717,2.295,0.0074,b3
12.3772,2.2857,0.0073,b3
12.3822,2.2705,0.007,b3
12.3867,2.2504,0.0047,b3
12.3922,2.2491,0.0057,b3
12.3975,2.2623,0.0063,b3
12.4019,2.2513,0.0064,b3
12.4069,2.2413,0.0061,b3
12.4119,2.2318,0.0058,b3
12.4175,2.2377,0.0068,b3
12.4228,2.2329,0.0061,b3
12.4272,2.2395,0.0069,b3
12.4328,2.2,0.0059,b3
12.4378,2.1953,0.0063,b3
12.4428,2.2052,0.0064,b3
12.4469,2.1999,0.0066,b3
12.4531,2.1853,0.0054,b3
12.4581,2.2005,0.0063,b3
12.4631,2.1674,0.0073,b3
12.4681,2.1912,0.006,b3
12.62,2.2631,0.0064,b3
12.6253,2.2005,0.0057,b3
12.6303,2.2586,0.0047,b3
12.6342,2.2804,0.005,b3
12.6403,2.2808,0.0051,b3
12.6453,2.2562,0.007,b3
12.6506,2.2061,0.0082,b3
12.655,2.2656,0.0072,b3
12.6606,2.1696,0.0093,b3
12.6656,2.2072,0.0099,b3
12.67,2.1817,0.0093,b3
12.675,2.2577,0.0052,b3
12.6803,2.2571,0.0052,b3
12.6858,2.2154,0.0052,b3
12.6908,2.2359,0.0059,b3
12.6958,2.2485,0.0052,b3
12.7008,2.2401,0.0048,b3
12.7061,2.2194,0.0064,b3
12.7111,2.1538,0.0085,b3
12.7161,2.1736,0.0079,b3
12.7211,2.144,0.0085,b3
12.7256,2.158,0.0095,b3
12.7314,2.1397,0.0064,b3
12.7364,2.17,0.0066,b3
12.7414,2.21,0.0057,b3
12.7464,2.2103,0.0068,b3
12.7514,2.1881,0.0065,b3
12.7567,2.1484,0.0068,b3
12.7617,2.1814,0.0061,b3
12.7667,2.1945,0.006,b3
12.7717,2.1609,0.0056,b3
12.7767,2.1485,0.0077,b3
12.7819,2.1853,0.006,b3
12.8367,2.1041,0.0079,b3
12.8419,2.1239,0.0078,b3
12.8469,2.1619,0.0085,b3
12.8519,2.1751,0.0088,b3
12.8569,2.2539,0.0052,b3
12.8619,2.2056,0.0048,b3
12.8672,2.2222,0.0066,b3
12.8722,2.2799,0.0046,b3
12.8772,2.2585,0.0045,b3
12.8817,2.224,0.0075,b3
12.8861,2.1812,0.0078,b3
12.8922,2.2627,0.0064,b3
12.8975,2.2654,0.0083,b3
12.9025,2.2493,0.0066,b3
12.9075,2.2631,0.0074,b3
12.9125,2.2655,0.0055,b3
12.9158,2.221,0.0106,b3
12.9222,2.2085,0.0066,b3
12.9278,2.2505,0.0041,b3
12.9328,2.2305,0.0072,b3
12.9378,2.2204,0.008,b3
12.9428,2.2716,0.0062,b3
12.9481,2.2877,0.0056,b3
12.9525,2.3111,0.0046,b3
12.9581,2.2851,0.006,b3
12.9631,2.2718,0.005,b3
12.9681,2.2766,0.0097,b3
12.9733,2.3096,0.0065,b3
12.9778,2.2742,0.0104,b3
12.9833,2.3289,0.0093,b3
12.9883,2.3681,0.0037,b3
12.9933,2.3763,0.0056,b3
12.9986,2.3232,0.0068,b3
13.1533,2.1262,0.0056,b3
13.1586,2.0706,0.0109,b3
13.1636,2.1265,0.0047,b3
13.1686,2.1306,0.0042,b3
13.1736,2.1344,0.0045,b3
13.1786,2.1363,0.0047,b3
13.1839,2.1315,0.0049,b3
13.1889,2.0971,0.0069,b3
13.1939,2.1132,0.0043,b3
13.1989,2.1132,0.0052,b3
13.2039,2.0587,0.0107,b3
13.2089,2.0667,0.0095,b3
13.2142,2.1035,0.0064,b3
13.2192,2.0806,0.0049,b3
13.2242,2.0993,0.0103,b3
13.2292,2.1381,0.0027,b3
13.2336,2.1256,0.005,b3
13.2394,2.1623,0.0046,b3
13.2444,2.1322,0.0046,b3
13.2494,2.1618,0.0049,b3
13.2544,2.1218,0.0063,b3
13.2594,2.1448,0.005,b3
13.2642,2.1102,0.0071,b3
13.2692,2.0789,0.0058,b3
13.2747,2.0823,0.0042,b3
13.2847,2.1034,0.0063,b3
13.29,2.0482,0.0067,b3
13.2944,2.1005,0.0121,b3
13.3,2.1044,0.0109,b3
13.4367,2.0913,0.0094,b3
13.4419,2.0282,0.0107,b3
13.4464,2.1941,0.0087,b3
13.4514,2.1641,0.007,b3
13.4569,2.1422,0.0052,b3
13.4619,2.2345,0.0049,b3
13.4672,2.2276,0.0047,b3
13.4722,2.2248,0.0049,b3
13.4772,2.26,0.0055,b3
13.4806,2.2677,0.0061,b3
13.4867,2.2735,0.0056,b3
13.4917,2.2428,0.0074,b3
13.4975,2.2244,0.0036,b3
13.5014,2.0941,0.021,b3
13.5075,2.0871,0.0209,b3
13.5125,2.1962,0.0108,b3
13.5175,2.1704,0.0101,b3
13.5228,2.2801,0.0046,b3
13.5328,2.2016,0.0157,b3
13.5378,2.3046,0.0061,b3
13.5428,2.2689,0.0086,b3
13.5481,2.2705,0.0106,b3
13.5531,2.3111,0.0062,b3
13.5569,2.1759,0.0085,b3
13.5631,2.3226,0.0055,b3
13.5681,2.2666,0.0059,b3
